54
4
31 201
129 349
243 209
148 12
2
129 351
558 732
2
245 209
598 550
2
554 736
256 849
2
647 858
37 1112
2
257 853
201 773
2
201 773
422 683
3
599 552
520 349
243 209
2
648 861
913 1201
4
746 691
833 547
908 686
831 791
2
651 249
281 2
2
650 252
722 458
2
941 462
1053 249
2
1053 249
1415 100
4
843 131
808 194
842 250
869 192
3
1412 102
1524 0
1495 115
4
80 793
39 862
80 927
121 862
2
913 1204
40 1554
2
40 1554
37 1113
2
945 463
1685 0
2
975 688
1486 358
2
1486 358
1936 358
3
1762 127
1855 245
1990 152
2
1937 359
2206 789
2
2206 789
2671 789
4
2671 789
3046 2
3110 2
3111 809
4
1442 395
1959 396
2182 751
975 690
2
33 1867
203 1686
2
203 1686
409 1794
2
409 1794
517 1603
2
517 1603
748 1682
2
748 1682
847 1487
1
849 1490
2
848 1492
1031 1627
2
1030 1627
1314 1397
4
1314 1397
1314 1680
109 2111
18 1938
2
32 1870
20 1938
3
49 2383
1339 2117
1427 2283
3
718 2106
904 1996
791 1966
3
992 834
3191 958
3175 976
2
987 959
1690 1099
2
1875 1136
2492 1499
2
2781 1495
3191 957
3
1691 1100
1799 1040
1875 1136
3
2493 1501
2620 1632
2784 1495
3
2905 1862
3191 1178
3191 2364
3
3191 2362
2670 2120
2159 2345
3
2159 2345
1426 2284
2296 2293
3
1039 1284
1087 1348
1151 1290
4
1484 1924
1689 1365
1937 1366
1767 1972
6
2282 2058
2452 1952
2539 1822
2429 1661
2241 1661
2107 1830
3
2728 1909
2824 1976
2730 2002
4
2213 340
2417 583
2630 344
2442 6
4
2367 1194
2615 1093
2820 1257
2443 1323

0

0

1
233 108


0 0
Assets\Level3\background.jpg
Assets\Level3\DST-BlueMist.mp3

600 537
703 55
100 251
333 374
951 458
1229 463
761 232
1021 259
877 184
1067 81
1442 491
1761 419
1564 104
2808 131
3085 140
2880 802
3130 860
2510 1415
2429 1245
2092 1196
2170 1031
1793 964
1992 852
1609 1399
1453 1527
1453 1321
1359 1466
1209 1323
1318 946
973 966
1717 2178
1815 2024
1940 1889
2097 1794
2292 1816
2355 1945
2456 2165
1517 2054
1066 1882
704 1686
222 2021
72 2017
57 2350
244 2313
353 2199
499 2039
336 1761
59 1661
208 1588
376 1563
560 1452
653 1315
279 1386
32 1344
194 1251
349 1115
104 1063
258 801