45
3
4 269
415 441
4 444
3
261 905
786 351
785 916
2
151 1687
407 1159
2
407 1159
689 1672
3
688 1673
1353 1406
1349 1750
3
1374 767
1543 1050
1738 773
3
1373 915
1564 573
1727 918
4
1752 1408
1754 1665
2377 1666
2378 1429
4
2363 61
2362 213
2681 213
2681 64
4
2232 343
2232 597
3153 598
3153 344
3
2680 1429
3086 804
3191 942
3
1736 1901
1519 2346
1909 2344
3
1910 2344
2342 2006
2335 2335
3
2336 2334
2346 1885
2856 1885
4
129 2075
267 2270
563 2270
704 2062
3
704 2062
1196 2253
558 2288
3
837 1784
1338 1885
1093 2027
3
1596 1709
1718 1454
1718 1720
3
2803 1535
3195 1135
2831 1561
3
2914 1620
3197 1284
3197 1642
3
2761 2370
3116 1975
3116 2372
3
37 2346
221 2239
353 2365
2
779 2373
1353 2369
3
391 1824
599 1944
534 2019
3
547 1756
629 1856
675 1779
5
1454 1887
1454 1887
1501 1887
1501 1922
1454 1922
4
2041 1152
2041 1272
2601 1272
2601 1160
4
1785 437
1848 383
2055 646
2004 690
3
2647 1625
2579 1739
2760 1739
4
926 1324
1240 1070
1166 983
853 1283
7
1156 239
1201 309
1267 309
1314 235
1316 192
1295 175
1255 175
3
8 1835
72 1982
151 1928
2
600 174
900 174
2
1709 30
1619 167
2
1619 167
1715 106
2
1715 106
1695 218
2
1695 218
1806 218
2
1806 218
1805 111
2
1805 111
1902 178
2
1902 178
1806 27
2
1806 27
1710 27
3
2276 938
2355 1021
2478 1023
2
1415 1866
1555 1986
2
1395 1470
1499 1620
3
2047 755
2111 836
2147 803


0
0


50
88 294
239 171
461 584
91 709
174 1608
45 2141
487 2021
921 2113
79 1857
447 1800
132 2268
35 2318
851 2358
1089 2362
1305 2306
857 1756
1056 1739
1149 1833
1334 1762
1536 2255
1500 1989
1840 2119
2092 2190
2269 2048
2444 1840
2773 2316
2712 2097
2874 2136
2861 1956
3029 2016
2966 1514
3053 1417
3155 1287
2938 1330
3064 1218
2716 1062
2132 930
2246 803
2583 811
2999 873
3098 744
3109 308
2869 305
2587 313
2315 285
1872 389
1883 248
1777 245
1615 261
1484 172

0 0
Assets\Level1\background.jpg
Assets\Level1\DST-2ndBallad.mp3





