6
10
272 132 30 40
408 0 30 40
238 176 30 40
374 44 30 40
340 88 30 40
306 132 30 40
442 0 30 40
272 176 30 40
408 44 30 40
374 88 30 40
10
306 0 30 40
238 88 30 40
340 0 30 40
306 44 30 40
272 88 30 40
238 132 30 40
374 0 30 40
340 44 30 40
306 88 30 40
272 44 30 40
9
204 88 30 40
170 132 30 40
136 176 30 40
204 132 30 40
170 176 30 40
204 176 30 40
238 0 30 40
272 0 30 40
238 44 30 40
9
102 88 30 40
68 132 30 40
34 176 30 40
136 88 30 40
102 132 30 40
68 176 30 40
170 88 30 40
136 132 30 40
102 176 30 40
10
136 44 30 40
170 44 30 40
204 44 30 40
0 88 30 40
34 88 30 40
0 132 30 40
68 88 30 40
34 132 30 40
0 176 30 40
204 0 30 40
10
0 0 30 40
68 0 30 40
0 44 30 40
34 44 30 40
68 44 30 40
102 0 30 40
136 0 30 40
102 44 30 40
170 0 30 40
34 0 30 40


