52
4
4 119
339 119
339 191
79 191
3
8 238
402 443
25 475
4
789 44
789 155
1342 156
850 41
4
749 463
749 559
1304 559
1304 473
5
609 271
609 343
1074 343
1074 280
836 229
4
1565 222
1879 564
1712 737
1365 711
3
1879 566
2419 282
1711 740
3
2420 284
2637 712
1711 741
5
2719 240
2838 412
3043 412
3143 225
2947 34
7
2682 1074
2682 1475
3112 1450
3194 1172
3190 929
2969 794
2726 864
4
2653 1469
2129 1294
1739 1294
1967 1590
3
1711 961
1710 1063
2265 1065
3
1891 816
1891 898
2061 905
3
1738 1298
1738 1611
1369 1611
2
1154 865
1154 1271
2
918 1039
1423 1039
2
1154 1272
951 1494
2
1152 1276
1368 1503
3
1154 876
1154 712
1154 712
2
1155 1277
1226 1114
2
1226 1114
1422 1042
2
919 1041
1081 1115
2
1081 1115
1153 1276
2
1153 716
1063 920
2
1063 920
921 1040
2
1154 719
1234 910
2
1234 910
1418 1039
2
952 1495
1138 1423
2
1138 1423
1365 1502
2
3186 2383
2783 2106
2
2783 2106
2361 2346
2
2361 2346
1678 2345
2
1678 2345
1313 1908
2
1313 1908
653 1908
6
2688 1919
2828 1531
2954 1928
2572 1661
3063 1661
2690 1918
3
2005 2090
2121 2243
2303 2046
2
650 1910
213 2373
2
213 2373
6 2375
4
154 1942
36 2098
140 2247
251 2087
3
23 1663
23 1813
431 1813
3
125 1603
428 1723
428 1595
3
22 1516
433 1434
404 1353
2
505 1574
685 1304
3
105 1380
381 1251
410 1093
3
17 962
16 1114
168 1214
3
137 921
386 721
516 895
4
369 252
369 306
463 306
429 251
3
515 689
659 568
659 698
4
1555 1764
1555 1905
1748 1905
1748 1747
3
2555 155
2574 206
2609 154
3
1424 1046
1598 1255
1225 1120
3
1711 962
1608 1064
1710 1064

0

0

58
600 537
703 55
100 251
333 374
951 458
1229 463
761 232
1021 259
877 184
1067 81
1442 491
1761 419
1564 104
2808 131
3085 140
2880 802
3130 860
2510 1415
2429 1245
2092 1196
2170 1031
1793 964
1992 852
1609 1399
1453 1527
1453 1321
1359 1466
1209 1323
1318 946
973 966
1717 2178
1815 2024
1940 1889
2097 1794
2292 1816
2355 1945
2456 2165
1517 2054
1066 1882
704 1686
222 2021
72 2017
57 2350
244 2313
353 2199
499 2039
336 1761
59 1661
208 1588
376 1563
560 1452
653 1315
279 1386
32 1344
194 1251
349 1115
104 1063
258 801


0 0
Assets\Level2\background.jpg
Assets\Level2\DST-Eretria.mp3

